350 out of 1000 lmfaooo

defaultdict(<function __main__.FVMC_Control.<locals>.<lambda>()>,
            {6: [0.0, 0.4285714285714286, 0.0, 0.0],
             2: [0.0, 0.0, 0.0, 0.0],
             1: [0.11764705882352941, 0.0, 0.0, 0.0],
             0: [0.08571428571428576,
              0.36509758897818606,
              0.08571428571428572,
              0.125],
             4: [0.08680555555555562, 0.7466666666666669, 0.0, 0.0],
             3: [0.0, 0.0, 0.0, 0.0],
             14: [0.7692307692307692,
              0.8636363636363635,
              1.0,
              0.6944444444444444],
             10: [0.5625, 0.864406779661017, 0.0, 0.17647058823529416],
             9: [0.5531914893617023,
              0.8364197530864198,
              0.5689655172413793,
              0.0],
             8: [0.4893617021276596,
              0.0,
              0.7248157248157256,
              0.4137931034482759],
             13: [0.0,
              0.7096774193548387,
              0.95539033457249,
              0.5882352941176471]})